[10][5][2][7][15][12][17][2][5][7][10][12][15][17][2][7][5][12][17][15][10][17][15][12][10][7][5][2]2
10
12
Pai do nó com valor 12:
15
[10][5][2][7][15][12][17][2][5][7][10][12][15][17][2][7][5][12][17][15][10]Nó par encontrado: 10
Nó par encontrado: 2
Nó par encontrado: 12
[4][10][14][20][24][30][34][20][10][4][14][30][24][34][4][10][14][20][24][30][34][4][14][10][24][34][30][20][34][30][24][20][14][10][4]4
10
14
20
24
30
34
Pai do nó com valor 14:
10
[20][10][4][14][30][24][34][4][10][14][20][24][30][34][4][14][10][24][34][30][20]